%Cpu(s): 82.8 us,  0.0 sy,  0.0 ni, 17.2 id,  0.0 wa,  0.0 hi,  0.0 si,  0.0 st
%Cpu(s): 79.4 us,  2.0 sy,  0.0 ni, 17.6 id,  0.0 wa,  0.0 hi,  1.0 si,  0.0 st
%Cpu(s): 80.8 us,  2.0 sy,  0.0 ni, 17.2 id,  0.0 wa,  0.0 hi,  0.0 si,  0.0 st
%Cpu(s): 79.4 us,  2.0 sy,  0.0 ni, 17.6 id,  0.0 wa,  0.0 hi,  1.0 si,  0.0 st
%Cpu(s): 80.2 us,  1.0 sy,  0.0 ni, 15.8 id,  1.0 wa,  0.0 hi,  2.0 si,  0.0 st
%Cpu(s): 80.2 us,  1.0 sy,  0.0 ni, 18.8 id,  0.0 wa,  0.0 hi,  0.0 si,  0.0 st
%Cpu(s): 77.6 us,  3.1 sy,  0.0 ni, 18.4 id,  0.0 wa,  0.0 hi,  1.0 si,  0.0 st
%Cpu(s): 79.2 us,  2.0 sy,  0.0 ni, 16.8 id,  0.0 wa,  0.0 hi,  2.0 si,  0.0 st
%Cpu(s): 78.4 us,  2.0 sy,  0.0 ni, 18.6 id,  0.0 wa,  0.0 hi,  1.0 si,  0.0 st
%Cpu(s): 80.8 us,  2.0 sy,  0.0 ni, 16.2 id,  1.0 wa,  0.0 hi,  0.0 si,  0.0 st
%Cpu(s): 81.0 us,  1.0 sy,  0.0 ni, 17.0 id,  0.0 wa,  0.0 hi,  1.0 si,  0.0 st
%Cpu(s): 80.4 us,  0.0 sy,  0.0 ni, 18.6 id,  0.0 wa,  0.0 hi,  1.0 si,  0.0 st
%Cpu(s): 82.2 us,  2.0 sy,  0.0 ni, 15.8 id,  0.0 wa,  0.0 hi,  0.0 si,  0.0 st
%Cpu(s): 80.0 us,  2.0 sy,  0.0 ni, 18.0 id,  0.0 wa,  0.0 hi,  0.0 si,  0.0 st
%Cpu(s): 81.2 us,  1.0 sy,  0.0 ni, 16.8 id,  1.0 wa,  0.0 hi,  0.0 si,  0.0 st
%Cpu(s): 80.0 us,  2.0 sy,  0.0 ni, 17.0 id,  0.0 wa,  0.0 hi,  1.0 si,  0.0 st
%Cpu(s): 80.0 us,  2.0 sy,  0.0 ni, 17.0 id,  0.0 wa,  0.0 hi,  1.0 si,  0.0 st
%Cpu(s): 80.6 us,  1.0 sy,  0.0 ni, 18.4 id,  0.0 wa,  0.0 hi,  0.0 si,  0.0 st
%Cpu(s): 78.8 us,  2.0 sy,  0.0 ni, 18.2 id,  0.0 wa,  0.0 hi,  1.0 si,  0.0 st
