%Cpu(s): 83.2 us,  1.0 sy,  0.0 ni, 15.8 id,  0.0 wa,  0.0 hi,  0.0 si,  0.0 st
%Cpu(s): 87.3 us,  2.0 sy,  0.0 ni, 10.8 id,  0.0 wa,  0.0 hi,  0.0 si,  0.0 st
%Cpu(s): 88.2 us,  0.0 sy,  0.0 ni, 11.8 id,  0.0 wa,  0.0 hi,  0.0 si,  0.0 st
%Cpu(s): 86.0 us,  1.0 sy,  0.0 ni, 12.0 id,  0.0 wa,  0.0 hi,  1.0 si,  0.0 st
%Cpu(s): 88.8 us,  1.0 sy,  0.0 ni, 10.2 id,  0.0 wa,  0.0 hi,  0.0 si,  0.0 st
%Cpu(s): 85.9 us,  1.0 sy,  0.0 ni, 12.1 id,  0.0 wa,  0.0 hi,  1.0 si,  0.0 st
%Cpu(s): 85.1 us,  2.0 sy,  0.0 ni, 11.9 id,  0.0 wa,  0.0 hi,  1.0 si,  0.0 st
%Cpu(s): 86.7 us,  2.0 sy,  0.0 ni, 10.2 id,  0.0 wa,  0.0 hi,  1.0 si,  0.0 st
%Cpu(s): 84.8 us,  1.0 sy,  0.0 ni, 12.1 id,  0.0 wa,  0.0 hi,  2.0 si,  0.0 st
%Cpu(s): 86.1 us,  2.0 sy,  0.0 ni, 11.9 id,  0.0 wa,  0.0 hi,  0.0 si,  0.0 st
%Cpu(s): 86.3 us,  2.0 sy,  0.0 ni,  9.8 id,  1.0 wa,  0.0 hi,  1.0 si,  0.0 st
%Cpu(s): 87.3 us,  1.0 sy,  0.0 ni, 11.8 id,  0.0 wa,  0.0 hi,  0.0 si,  0.0 st
%Cpu(s): 87.0 us,  1.0 sy,  0.0 ni, 12.0 id,  0.0 wa,  0.0 hi,  0.0 si,  0.0 st
%Cpu(s): 88.8 us,  1.0 sy,  0.0 ni, 10.2 id,  0.0 wa,  0.0 hi,  0.0 si,  0.0 st
%Cpu(s): 86.3 us,  1.0 sy,  0.0 ni, 10.8 id,  1.0 wa,  0.0 hi,  1.0 si,  0.0 st
%Cpu(s): 92.9 us,  1.0 sy,  0.0 ni,  5.1 id,  1.0 wa,  0.0 hi,  0.0 si,  0.0 st
%Cpu(s): 87.8 us,  2.0 sy,  0.0 ni, 10.2 id,  0.0 wa,  0.0 hi,  0.0 si,  0.0 st
%Cpu(s): 86.1 us,  2.0 sy,  0.0 ni,  9.9 id,  0.0 wa,  0.0 hi,  2.0 si,  0.0 st
%Cpu(s): 89.9 us,  3.0 sy,  0.0 ni,  7.1 id,  0.0 wa,  0.0 hi,  0.0 si,  0.0 st
%Cpu(s): 86.0 us,  5.0 sy,  0.0 ni,  9.0 id,  0.0 wa,  0.0 hi,  0.0 si,  0.0 st
