%Cpu(s): 62.0 us,  2.0 sy,  0.0 ni, 36.0 id,  0.0 wa,  0.0 hi,  0.0 si,  0.0 st
%Cpu(s): 60.4 us,  1.0 sy,  0.0 ni, 37.6 id,  1.0 wa,  0.0 hi,  0.0 si,  0.0 st
%Cpu(s): 61.0 us,  1.0 sy,  0.0 ni, 38.0 id,  0.0 wa,  0.0 hi,  0.0 si,  0.0 st
%Cpu(s): 61.2 us,  1.0 sy,  0.0 ni, 37.8 id,  0.0 wa,  0.0 hi,  0.0 si,  0.0 st
%Cpu(s): 59.4 us,  2.0 sy,  0.0 ni, 35.6 id,  1.0 wa,  0.0 hi,  2.0 si,  0.0 st
%Cpu(s): 61.2 us,  0.0 sy,  0.0 ni, 36.7 id,  2.0 wa,  0.0 hi,  0.0 si,  0.0 st
%Cpu(s): 56.9 us,  4.9 sy,  0.0 ni, 37.3 id,  0.0 wa,  0.0 hi,  1.0 si,  0.0 st
%Cpu(s): 59.4 us,  2.0 sy,  0.0 ni, 37.6 id,  0.0 wa,  0.0 hi,  1.0 si,  0.0 st
%Cpu(s): 58.8 us,  2.9 sy,  0.0 ni, 36.3 id,  0.0 wa,  0.0 hi,  2.0 si,  0.0 st
%Cpu(s): 60.6 us,  2.0 sy,  0.0 ni, 37.4 id,  0.0 wa,  0.0 hi,  0.0 si,  0.0 st
%Cpu(s): 62.0 us,  1.0 sy,  0.0 ni, 36.0 id,  1.0 wa,  0.0 hi,  0.0 si,  0.0 st
%Cpu(s): 61.4 us,  1.0 sy,  0.0 ni, 37.6 id,  0.0 wa,  0.0 hi,  0.0 si,  0.0 st
%Cpu(s): 61.2 us,  1.0 sy,  0.0 ni, 37.8 id,  0.0 wa,  0.0 hi,  0.0 si,  0.0 st
%Cpu(s): 61.0 us,  1.0 sy,  0.0 ni, 38.0 id,  0.0 wa,  0.0 hi,  0.0 si,  0.0 st
%Cpu(s): 60.4 us,  2.0 sy,  0.0 ni, 37.6 id,  0.0 wa,  0.0 hi,  0.0 si,  0.0 st
%Cpu(s): 57.4 us,  4.0 sy,  0.0 ni, 35.6 id,  2.0 wa,  0.0 hi,  1.0 si,  0.0 st
%Cpu(s): 59.6 us,  2.0 sy,  0.0 ni, 37.4 id,  0.0 wa,  0.0 hi,  1.0 si,  0.0 st
%Cpu(s): 60.6 us,  1.0 sy,  0.0 ni, 38.4 id,  0.0 wa,  0.0 hi,  0.0 si,  0.0 st
%Cpu(s): 58.8 us,  2.1 sy,  0.0 ni, 38.1 id,  1.0 wa,  0.0 hi,  0.0 si,  0.0 st
%Cpu(s): 56.3 us,  2.9 sy,  0.0 ni, 38.8 id,  0.0 wa,  0.0 hi,  1.9 si,  0.0 st
