%Cpu(s): 70.3 us,  2.0 sy,  0.0 ni, 25.7 id,  2.0 wa,  0.0 hi,  0.0 si,  0.0 st
%Cpu(s): 70.3 us,  2.0 sy,  0.0 ni, 26.7 id,  1.0 wa,  0.0 hi,  0.0 si,  0.0 st
%Cpu(s): 71.3 us,  1.0 sy,  0.0 ni, 26.7 id,  0.0 wa,  0.0 hi,  1.0 si,  0.0 st
%Cpu(s): 71.0 us,  2.0 sy,  0.0 ni, 27.0 id,  0.0 wa,  0.0 hi,  0.0 si,  0.0 st
%Cpu(s): 71.0 us,  1.0 sy,  0.0 ni, 28.0 id,  0.0 wa,  0.0 hi,  0.0 si,  0.0 st
%Cpu(s): 70.7 us,  2.0 sy,  0.0 ni, 26.3 id,  1.0 wa,  0.0 hi,  0.0 si,  0.0 st
%Cpu(s): 70.7 us,  1.0 sy,  0.0 ni, 28.3 id,  0.0 wa,  0.0 hi,  0.0 si,  0.0 st
%Cpu(s): 72.0 us,  1.0 sy,  0.0 ni, 27.0 id,  0.0 wa,  0.0 hi,  0.0 si,  0.0 st
%Cpu(s): 68.6 us,  2.0 sy,  0.0 ni, 27.5 id,  0.0 wa,  0.0 hi,  2.0 si,  0.0 st
%Cpu(s): 71.0 us,  1.0 sy,  0.0 ni, 27.0 id,  0.0 wa,  0.0 hi,  1.0 si,  0.0 st
%Cpu(s): 70.7 us,  1.0 sy,  0.0 ni, 20.2 id,  8.1 wa,  0.0 hi,  0.0 si,  0.0 st
%Cpu(s): 70.7 us,  2.0 sy,  0.0 ni, 27.3 id,  0.0 wa,  0.0 hi,  0.0 si,  0.0 st
%Cpu(s): 71.0 us,  3.0 sy,  0.0 ni, 25.0 id,  0.0 wa,  0.0 hi,  1.0 si,  0.0 st
%Cpu(s): 71.0 us,  5.0 sy,  0.0 ni, 24.0 id,  0.0 wa,  0.0 hi,  0.0 si,  0.0 st
%Cpu(s): 71.0 us,  2.0 sy,  0.0 ni, 26.0 id,  0.0 wa,  0.0 hi,  1.0 si,  0.0 st
%Cpu(s): 72.0 us,  2.0 sy,  0.0 ni, 25.0 id,  1.0 wa,  0.0 hi,  0.0 si,  0.0 st
%Cpu(s): 70.0 us,  2.0 sy,  0.0 ni, 28.0 id,  0.0 wa,  0.0 hi,  0.0 si,  0.0 st
%Cpu(s): 72.0 us,  2.0 sy,  0.0 ni, 26.0 id,  0.0 wa,  0.0 hi,  0.0 si,  0.0 st
%Cpu(s): 71.4 us,  2.0 sy,  0.0 ni, 26.5 id,  0.0 wa,  0.0 hi,  0.0 si,  0.0 st
