%Cpu(s): 90.2 us,  2.0 sy,  0.0 ni,  7.8 id,  0.0 wa,  0.0 hi,  0.0 si,  0.0 st
%Cpu(s): 90.7 us,  1.0 sy,  0.0 ni,  8.2 id,  0.0 wa,  0.0 hi,  0.0 si,  0.0 st
%Cpu(s): 90.9 us,  0.0 sy,  0.0 ni,  9.1 id,  0.0 wa,  0.0 hi,  0.0 si,  0.0 st
%Cpu(s): 88.9 us,  2.0 sy,  0.0 ni,  9.1 id,  0.0 wa,  0.0 hi,  0.0 si,  0.0 st
%Cpu(s): 89.7 us,  2.1 sy,  0.0 ni,  8.2 id,  0.0 wa,  0.0 hi,  0.0 si,  0.0 st
%Cpu(s): 88.9 us,  1.0 sy,  0.0 ni, 10.1 id,  0.0 wa,  0.0 hi,  0.0 si,  0.0 st
%Cpu(s): 90.8 us,  1.0 sy,  0.0 ni,  8.2 id,  0.0 wa,  0.0 hi,  0.0 si,  0.0 st
%Cpu(s): 87.3 us,  0.0 sy,  0.0 ni,  8.8 id,  0.0 wa,  0.0 hi,  3.9 si,  0.0 st
%Cpu(s): 89.9 us,  1.0 sy,  0.0 ni,  9.1 id,  0.0 wa,  0.0 hi,  0.0 si,  0.0 st
%Cpu(s): 89.1 us,  1.0 sy,  0.0 ni,  7.9 id,  0.0 wa,  0.0 hi,  2.0 si,  0.0 st
%Cpu(s): 87.5 us,  1.9 sy,  0.0 ni,  9.6 id,  0.0 wa,  0.0 hi,  1.0 si,  0.0 st
%Cpu(s): 91.2 us,  0.0 sy,  0.0 ni,  7.8 id,  0.0 wa,  0.0 hi,  1.0 si,  0.0 st
%Cpu(s): 90.2 us,  1.0 sy,  0.0 ni,  8.8 id,  0.0 wa,  0.0 hi,  0.0 si,  0.0 st
%Cpu(s): 89.3 us,  1.9 sy,  0.0 ni,  8.7 id,  0.0 wa,  0.0 hi,  0.0 si,  0.0 st
%Cpu(s): 90.1 us,  1.0 sy,  0.0 ni,  8.9 id,  0.0 wa,  0.0 hi,  0.0 si,  0.0 st
%Cpu(s): 89.9 us,  1.0 sy,  0.0 ni,  9.1 id,  0.0 wa,  0.0 hi,  0.0 si,  0.0 st
%Cpu(s): 89.7 us,  1.0 sy,  0.0 ni,  9.3 id,  0.0 wa,  0.0 hi,  0.0 si,  0.0 st
%Cpu(s): 88.8 us,  2.0 sy,  0.0 ni,  8.2 id,  0.0 wa,  0.0 hi,  1.0 si,  0.0 st
%Cpu(s): 88.7 us,  2.1 sy,  0.0 ni,  8.2 id,  0.0 wa,  0.0 hi,  1.0 si,  0.0 st
